|     41982476 j
|     40514357 |
|     42228937 |
|     41784898 |
|     42396461 |
|     42445892 |
|     41756246 |
|     42461906 |
|     40785795 |
|     42344869 |
|     38871601 |
|     42110732 |
|     42461919 |
|     42461911 |
|     42461908 |
|     42110699 |
|     42461967 |
|     42461916 |
|     42344908 |
|     42228028 |
|     42228024 |
|     42228018 |
|     42110799 |
|     42110797 |
|     42461976 |
|     41927252 |
|     42461964 |
|     42344905 |
|     42344902 |
|     42344899 |
|     42110769 |
|     41899884 |
|     42344883 |
|     42344882 |
|     42227995 |
|     41091962 |
|     42110739 |
|     42461899 |
|     41897362 |
|     42344868 |
|     42227972 |
|     42110726 |
|     41936879 |
|     42461921 |
|     42110723 |
|     42227959 |
|     41597815 |
|     42006534 |
|     42461722 |
|     41852356 |
|     41851955 |
|     31986545 |
|     41647765 |
|     34814413 |
|     42344997 |
|     42461814 |
|     42462020 |
|     42344977 |
|     42344967 |
|     42344966 |
|     42462017 |
|     42110831 |
|     40959254 |
|     42462003 |
|     42461989 |
|     42344924 |
|     42228050 |
|     42228034 |
|     42461754 |
|     42110758 |
|     39032747 |
|     40683887 |
|     34714347 |
|     38350001 |
|     42462060 |
|     42462076 |
|     42345062 |
|     42345052 |
|     42345050 |
|     42345042 |
|     42228149 |
|     42228133 |
|     42110900 |
|     42462052 |
|     42345036 |
|     42345035 |
|     42345031 |
|     42228124 |
|     42110897 |
|     42345015 |
|     42345010 |
|     37437453 |
|     42345003 |
|     42344999 |
|     42344996 |
|     42228103 |
|     42228092 |
|     42135019 |
|     42462021 |
|     42344975 |
|     42344963 |
|     42344961 |
|     42110848 |
|     42110843 |
|     42211332 |
|     42461975 |
|     42461942 |
|     42344949 |
|     42344945 |
|     42110833 |
|     41492576 |
|     42344943 |
|     42344926 |
|     42462042 |
|     34980149 |
|     42345061 |
|     42462059 |
|     41937202 |
|     41904440 |
|     42345023 |
|     41739641 |
|     42462037 |
|     42344998 |
|     42462026 |
|     42462049 |
|     40932744 |
|     40932818 |
|     41078713 |
|     42345045 |
|     42344962 |
|     42345115 |
|     42345106 |
|     42228186 |
|     42462089 |
|     42110911 |
|     39546376 |
|     42462050 |
|     42228125 |
|     42462139 |
|     42345178 |
|     42228251 |
|     40480105 |
|     42462138 |
|     42345164 |
|     42345153 |
|     42462128 |
|     42462127 |
|     42228235 |
|     42345152 |
|     42345139 |
|     42228224 |
|     42345131 |
|     42345126 |
|     41871057 |
|     41840992 |
|     41347116 |
|     42345122 |
|     42345118 |
|     42228213 |
|     42110956 |
|     40749087 |
|     40227314 |
|     42462108 |
|     42462103 |
|     42345117 |
|     42110940 |
|     42462081 |
|     42345103 |
|     42345095 |
|     42345090 |
|     42228181 |
|     42110927 |
|     42462043 |
|     42345081 |
|     42345066 |
|     42110919 |
|     42110914 |
|     42228031 |
|     42110819 |
|     42110811 |
|     42318467 |
|     39955556 |
|     42462152 |
|     42461912 |
|     42461867 |
|     42462124 |
|     40252611 |
|     31085832 |
|     41887656 |
|     42345124 |
|     42462085 |
|     42345076 |
|     41444644 |
|     42462107 |
|     36360398 |
|     42461941 |
|     42189645 |
|     42456565 |
|     40236077 |
|     42462068 |
|     41364804 |
|     42462209 |
|     42462206 |
|     42345220 |
|     42111020 |
|     42345185 |
|     42228284 |
|     42228272 |
|     42461933 |
|     42228252 |
|     42110978 |
|     42228234 |
|     42345148 |
|     42228225 |
|     42461848 |
|     41274565 |
|     42228212 |
|     42228326 |
|     42345239 |
|     42345235 |
|     41847656 |
|     42228307 |
|     42111036 |
|     41599033 |
|     42462182 |
|     42345216 |
|     42228296 |
|     40480265 |
|     42462159 |
|     42462158 |
|     42462189 |
|     42345212 |
|     42228293 |
|     42111015 |
|     42345184 |
|     42345180 |
|     42228280 |
|     42228279 |
|     42228273 |
|     42110994 |
|     42110991 |
|     42110990 |
|     40913542 |
|     42345167 |
|     42345166 |
|     42228255 |
|     41956477 |
|     40372775 |
|     42462146 |
|     41941604 |
|     37898389 |
|     37422357 |
|     37111539 |
|     37884744 |
|     42392598 |
|     38516199 |
|     38009789 |
|     36515935 |
|     37470369 |
|     38095918 |
|     36526121 |
|     42345206 |
|     42461923 |
|     42345313 |
|     42228407 |
|     42228380 |
|     42167185 |
|     42345273 |
|     42228363 |
|     42228349 |
|     41964720 |
|     42228337 |
|     42453601 |
|     42461922 |
|     42462309 |
|     42345312 |
|     42228411 |
|     36201623 |
|     42345301 |
|     41836539 |
|     42228390 |
|     36671640 |
|     42345290 |
|     42111107 |
|     41383103 |
|     42228368 |
|     42345276 |
|     42462254 |
|     42345266 |
|     42228346 |
|     42111076 |
|     42462223 |
|     42345255 |
|     42111066 |
|     42462237 |
|     40675234 |
|     42345325 |
|     41228650 |
|     42345307 |
|     40717118 |
|     40158809 |
|     42462293 |
|     42345283 |
|     17615050 |
|     39713085 |
|     42345387 |
|     42345377 |
|     42462338 |
|     42345369 |
|     42280900 |
|     42228472 |
|     42228464 |
|     42345339 |
|     42345329 |
|     42228437 |
|     42228431 |
|     42462388 |
|     42345393 |
|     42345375 |
|     39345847 |
|     41571708 |
|     42345360 |
|     41852900 |
|     42462341 |
|     42345342 |
|     42345341 |
|     37920916 |
|     42462340 |
|     41598307 |
|     42228423 |
|     42462399 |
|     42462389 |
|     42462387 |
|     42345371 |
|     41852852 |
|     42228522 |
|     42462404 |
|     42462398 |
|     34424857 |
|     36541918 |
|     42228576 |
|     41726627 |
|     42345475 |
|     42228565 |
|     42345467 |
|     42111275 |
|     41771738 |
|     40836678 |
|     40798218 |
|     39743491 |
|     39678161 |
|     39672535 |
|     39659049 |
|     41771822 |
|     42345462 |
|     41755735 |
|     42228558 |
|     41756107 |
|     39672732 |
|     39672603 |
|     39672451 |
|     42345449 |
|     42345438 |
|     42345423 |
|     42228528 |
|     42345411 |
|     42111226 |
|     42228506 |
|     42462434 |
|     42462431 |
|     29127875 |
|     12098150 |
|     25273721 |
|     41172989 |
|     29043567 |
|     25457599 |
|     16321452 |
|      5624051 |
|      5500773 |
|      3455424 |
|     42111293 |
|      5379933 |
|      3041401 |
|     40377931 |
|     25262239 |
|      8743818 |
|     42345465 |
|     42345461 |
|     42111272 |
|     42111323 |
|     42345515 |
|     42345514 |
|     42228618 |
|     42111321 |
|     42345493 |
|     41728608 |
|     42111296 |
|     42111295 |
|     40380963 |
|     42462482 |
|     10880290 |
|     41993765 |
|     42462493 |
|     42345520 |
|     41869718 |
|     41908711 |
|     41715928 |
|     42462545 |
|     42345565 |
|     42111354 |
|     42345561 |
|     41747962 |
|     41583206 |
|     42345545 |
|     42228638 |
|     42228635 |
|     42462510 |
|     42462505 |
|     42345536 |
|     42345523 |
|     39632242 |
|     42345556 |
|     42345682 |
|     42462566 |
|     42462558 |
|     42345616 |
|     42345599 |
|     42111395 |
|     31147304 |
|     41954116 |
|     41579597 |
|     34591836 |
|     42462599 |
|     41197964 |
|     42462573 |
|     41197961 |
|     41053043 |
|     42462579 |
|     42268850 |
|     42462570 |
|     42462526 |
|     42462520 |
|     42462499 |
|     42462485 |
|     42462458 |
|     42462460 |
|     42462452 |
|     42462439 |
|     42462429 |
|     42462420 |
|     42462410 |
|     42462401 |
|     42462393 |
|     42462381 |
|     42462363 |
|     42462349 |
|     42462333 |
|     42462320 |
|     42462307 |
|     42462298 |
|     40430084 |
|     41287690 |
|     42462608 |
|     42462606 |
|     42462605 |
|     42111415 |
|     42111406 |
|     36286519 |
|     41824084 |
|     42462617 |
|     42462232 |
|     42111448 |
|     42111460 |
|     42366999 |
|     42462540 |
|     42462536 |
|     42462518 |
|     42462651 |
|     42110773 |
|     42462641 |
|     42462378 |
|     42462659 |
|     42449807 |
|     40861429 |
|     42462668 |
|     42111482 |
|     41071428 |
|     42111473 |
|     42462657 |
|     42462507 |
|     42462666 |
|     42462665 |
|     41395572 |
|     42111517 |
|     34826025 |
|     30575447 |
|     40842167 |
|     42462554 |
|     42462623 |
|     42111525 |
|     42346029 |
|     42345976 |
|     34424452 |
|     42462706 |
|     42462702 |
|     42462674 |
|     42326333 |
|     42411547 |
|     39489318 |
|     42462717 |
|     40426673 |
|     41052199 |
|     41115507 |
|     40445974 |
|     41002428 |
|     41034664 |
|     40157899 |
|     42346300 |
|     42462734 |
|     42381063 |
|     42346324 |
|     41767978 |
|     42346318 |
|     42462743 |
|     42346306 |
|     42381189 |
|     42462766 |
|     42462763 |
|     42462762 |
|     42462767 |
|     42462789 |
|     42462782 |
|     42462775 |
|     42462769 |
|     42462773 |
|     42462770 |
|     42346465 |
|     41962599 |
|     40934455 |
|     42462798 |
|     42346472 |
|     41954728 |
|     41089565 |
|     40803083 |
|     42346474 |
|     41854973 |
|     42462807 |
|     38457629 |
|     42442652 |
|     41582884 |
|     39540422 |
|     41327910 |
|     41089801 |
|     41726288 |
|     41855164 |
|     40274353 |
|     41855102 |
|     42462821 |
|     40274468 |
|     40274213 |
|     40273947 |
|     41855051 |
|     42462834 |
|     41698031 |
|     33992665 |
|     41968154 |
|     39088629 |
|     32956138 |
|     41731389 |
|     42228956 |
|     42228938 |
|     42346525 |
|     41731728 |
|     40160676 |
|     42111666 |
|     40160646 |
|     40160642 |
|     42111656 |
|     41855547 |
|     41855525 |
|     41855378 |
|     41808140 |
|     41855520 |
|     42346507 |
|     42111653 |
|     42346503 |
|     42111663 |
|     41732103 |
|     40160984 |
|     42346541 |
|     42346539 |
|     40160783 |
|     42111688 |
|     41731969 |
|     41328433 |
|     41328397 |
|     42346529 |
|     42111678 |
|     41731849 |
|     40160844 |
|     42360905 |
|     42365074 |
|     41968276 |
|     38746707 |
|     42346553 |
|     40936216 |
|     40161318 |
|     41732283 |
|     40161378 |
|     40161376 |
|     41856122 |
|     41732275 |
|     42462894 |
|     41855939 |
|     40161167 |
|     40161110 |
|     40161029 |
|     41270165 |
|     42115556 |
|     30272709 |
|     40161616 |
|     40161513 |
|     40161511 |
|     40282961 |
|     42229008 |
|     38981262 |
|     42327204 |
|     42111745 |
|     42346595 |
|     41090837 |
|     40161812 |
|     41603412 |
|     40161949 |
|     41959951 |
|     42229039 |
|     40161731 |
|     40161673 |
|     41935595 |
|     41935674 |
|     42462975 |
|     41945946 |
|     41964731 |
|     40162208 |
|     41448336 |
|     41966753 |
|     40283444 |
|     42462955 |
|     24422624 |
|     32879083 |
|     42462969 |
|     34609125 |
|     41440595 |
|     35281529 |
|     40678483 |
|     38964650 |
